0 0 0 0 0 0 0 0 0 0 0 0 0 0 0 0.877425 0
0 0 0 0 0 0 0 0 0 0 0 0 0 0 0 0.986941 0
0 0 0 0 0 0 0 0 0 0 0 0 0 0 0 0.781205 0
0 0 0 0 0 0 0 0 0 0 0 0 0 0 0 0.813900 0
0 0 0 0 0 0 0 0 0 0 0 0 0 0 0 0.817868 0
0 0 0 0 0 0 0 0 0 0 0 0 0 0 0 0.755010 0
0 0 0 0 0 0 0 0 0 0 0 0 0 0 0 0.794047 0
0 0 0 0 0 0 0 0 0 0 0 0 0 0 0 0.894437 0
0 0 0 0 0 0 0 0 0 0 0 0 0 0 0 0.904257 0
0 0 0 0 0 0 0 0 0 0 0 0 0 0 0 0.799685 0
0 0 0 0 0 0 0 0 0 0 0 0 0 0 0 0.842378 0
0 0 0 0 0 0 0 0 0 0 0 0 0 0 0 0.919897 0
0 0 0 0 0 0 0 0 0 0 0 0 0 0 0 0.750663 0
0 0 0 0 0 0 0 0 0 0 0 0 0 0 0 0.862608 0
0 0 0 0 0 0 0 0 0 0 0 0 0 0 0 0.921211 0
0 0 0 0 0 0 0 0 0 0 0 0 0 0 0 0.986428 0
0 0 0 0 0 0 0 0 0 0 0 0 0 0 0 0.880987 0
0 0 0 0 0 0 0 0 0 0 0 0 0 0 0 0.888074 0
0 0 0 0 0 0 0 0 0 0 0 0 0 0 0 0.963360 0
0 0 0 0 0 0 0 0 0 0 0 0 0 0 0 0.989257 0
0 0 0 0 0 0 0 0 0 0 0 0 0 0 0 0.931736 0
0 0 0 0 0 0 0 0 0 0 0 0 0 0 0 0.797733 0
0 0 0 0 0 0 0 0 0 0 0 0 0 0 0 0.755813 0
0 0 0 0 0 0 0 0 0 0 0 0 0 0 0 0.936549 0
0 0 0 0 0 0 0 0 0 0 0 0 0 0 0 0.908879 0
0 0 0 0 0 0 0 0 0 0 0 0 0 0 0 0.816806 0
0 0 0 0 0 0 0 0 0 0 0 0 0 0 0 0.867489 0
0 0 0 0 0 0 0 0 0 0 0 0 0 0 0 0.761323 0
0 0 0 0 0 0 0 0 0 0 0 0 0 0 0 0.991039 0
0 0 0 0 0 0 0 0 0 0 0 0 0 0 0 0.776837 0
0 0 0 0 0 0 0 0 0 0 0 0 0 0 0 0.767996 0
0 0 0 0 0 0 0 0 0 0 0 0 0 0 0 0.794998 0
0 0 0 0 0 0 0 0 0 0 0 0 0 0 0 0.966301 0
0 0 0 0 0 0 0 0 0 0 0 0 0 0 0 0.768720 0
0 0 0 0 0 0 0 0 0 0 0 0 0 0 0 0.886317 0
0 0 0 0 0 0 0 0 0 0 0 0 0 0 0 0.797078 0
0 0 0 0 0 0 0 0 0 0 0 0 0 0 0 0.794587 0
0 0 0 0 0 0 0 0 0 0 0 0 0 0 0 0.992829 0
0 0 0 0 0 0 0 0 0 0 0 0 0 0 0 0.908999 0
0 0 0 0 0 0 0 0 0 0 0 0 0 0 0 0.936642 0
0 0 0 0 0 0 0 0 0 0 0 0 0 0 0 0.918245 0
0 0 0 0 0 0 0 0 0 0 0 0 0 0 0 0.974577 0
0 0 0 0 0 0 0 0 0 0 0 0 0 0 0 0.765558 0
0 0 0 0 0 0 0 0 0 0 0 0 0 0 0 0.986436 0
0 0 0 0 0 0 0 0 0 0 0 0 0 0 0 0.954141 0
0 0 0 0 0 0 0 0 0 0 0 0 0 0 0 0.941708 0
0 0 0 0 0 0 0 0 0 0 0 0 0 0 0 0.960086 0
0 0 0 0 0 0 0 0 0 0 0 0 0 0 0 0.830094 0
0 0 0 0 0 0 0 0 0 0 0 0 0 0 0 0.968716 0
0 0 0 0 0 0 0 0 0 0 0 0 0 0 0 0.887765 0
0 0 0 0 0 0 0 0 0.937889 0.979591 0.877906 0.963722 0.899877 0.790802 0.861562 0.806092 1
0 0 0 0 0 0 0 0 0.889732 0.911457 0.816670 0.847063 0.946873 0.950608 0.803713 0.875080 1
0 0 0 0 0 0 0 0 0.923452 0.895784 0.946472 0.861227 0.789463 0.876907 0.766135 0.783776 1
0 0 0 0 0 0 0 0 0.904953 0.898599 0.786706 0.996740 0.838167 0.785640 0.838498 0.766296 1
0 0 0 0 0 0 0 0 0.869175 0.785196 0.768080 0.834126 0.857074 0.759264 0.751294 0.800494 1
0 0 0 0 0 0 0 0 0.958479 0.753581 0.776463 0.925450 0.927508 0.858144 0.843172 0.750587 1
0 0 0 0 0 0 0 0 0.833797 0.918720 0.970496 0.816253 0.961628 0.979464 0.854761 0.881385 1
0 0 0 0 0 0 0 0 0.855990 0.832604 0.920936 0.920323 0.923910 0.934267 0.836574 0.767144 1
0 0 0 0 0 0 0 0 0.813825 0.984549 0.902348 0.864713 0.928777 0.835881 0.926280 0.857200 1
0 0 0 0 0 0 0 0 0.865058 0.795785 0.846185 0.801637 0.936564 0.762310 0.832220 0.896560 1
0 0 0 0 0 0 0 0 0.960814 0.772696 0.976893 0.858999 0.832428 0.771483 0.758105 0.801358 1
0 0 0 0 0 0 0 0 0.783437 0.959430 0.757929 0.774109 0.766491 0.826853 0.880971 0.922600 1
0 0 0 0 0 0 0 0 0.767216 0.943898 0.888997 0.875285 0.861376 0.934546 0.985393 0.870892 1
0 0 0 0 0 0 0 0 0.853765 0.843162 0.808820 0.943548 0.862666 0.991679 0.964775 0.826741 1
0 0 0 0 0 0 0 0 0.831459 0.753859 0.920645 0.854841 0.861526 0.940981 0.828449 0.821826 1
0 0 0 0 0 0 0 0 0.878341 0.884790 0.896268 0.971920 0.755828 0.924551 0.812146 0.757355 1
0 0 0 0 0 0 0 0 0.879512 0.842837 0.883626 0.927755 0.906779 0.975446 0.837925 0.917066 1
0 0 0 0 0 0 0 0 0.955961 0.781305 0.918850 0.902152 0.953450 0.769438 0.978167 0.831736 1
0 0 0 0 0 0 0 0 0.974805 0.976427 0.864208 0.830598 0.946835 0.824606 0.781798 0.861221 1
0 0 0 0 0 0 0 0 0.936387 0.943835 0.913579 0.893314 0.870074 0.875940 0.920937 0.870250 1
0 0 0 0 0 0 0 0 0.962788 0.751175 0.956950 0.869933 0.960402 0.916386 0.943344 0.763245 1
0 0 0 0 0 0 0 0 0.971523 0.985524 0.923749 0.856046 0.775934 0.908070 0.943159 0.751075 1
0 0 0 0 0 0 0 0 0.783679 0.938544 0.776725 0.906323 0.861081 0.998800 0.982464 0.889190 1
0 0 0 0 0 0 0 0 0.808350 0.830167 0.947933 0.785353 0.806988 0.832486 0.961258 0.843052 1
0 0 0 0 0 0 0 0 0.902443 0.760473 0.764623 0.795382 0.983988 0.904685 0.990283 0.826092 1
0 0 0 0 0 0 0 0 0.837531 0.823399 0.896988 0.991052 0.837296 0.882619 0.782963 0.836074 1
0 0 0 0 0 0 0 0 0.870425 0.953579 0.848487 0.937302 0.940270 0.817290 0.927097 0.975361 1
0 0 0 0 0 0 0 0 0.923406 0.933722 0.994596 0.881667 0.825931 0.781783 0.981489 0.855641 1
0 0 0 0 0 0 0 0 0.957931 0.969944 0.983345 0.860640 0.878412 0.780087 0.882630 0.965632 1
0 0 0 0 0 0 0 0 0.782552 0.914463 0.921685 0.863379 0.958372 0.921060 0.806341 0.840501 1
0 0 0 0 0 0 0 0 0.880145 0.772776 0.978468 0.788224 0.852881 0.970613 0.933697 0.775154 1
0 0 0 0 0 0 0 0 0.774442 0.848920 0.790481 0.943823 0.903513 0.795667 0.830951 0.767073 1
0 0 0 0 0 0 0 0 0.861695 0.868525 0.988435 0.775233 0.895890 0.951181 0.995629 0.865770 1
0 0 0 0 0 0 0 0 0.997997 0.982715 0.901961 0.957729 0.963626 0.888332 0.946723 0.840404 1
0 0 0 0 0 0 0 0 0.968456 0.970363 0.884111 0.859517 0.780533 0.991531 0.790248 0.775416 1
0 0 0 0 0 0 0 0 0.789365 0.859307 0.767637 0.955900 0.861415 0.940680 0.807777 0.857527 1
0 0 0 0 0 0 0 0 0.881621 0.902206 0.936210 0.990048 0.953701 0.838051 0.790743 0.776431 1
0 0 0 0 0 0 0 0 0.859769 0.769617 0.957296 0.943214 0.753454 0.845857 0.910883 0.767824 1
0 0 0 0 0 0 0 0 0.971675 0.950855 0.777046 0.758511 0.798743 0.916885 0.838426 0.867148 1
0 0 0 0 0 0 0 0 0.759336 0.975334 0.992353 0.775063 0.930270 0.949947 0.765681 0.838479 1
0 0 0 0 0 0 0 0 0.752493 0.975171 0.943703 0.897323 0.902287 0.892850 0.929205 0.800354 1
0 0 0 0 0 0 0 0 0.869368 0.860155 0.866474 0.864912 0.764269 0.980141 0.792589 0.765062 1
0 0 0 0 0 0 0 0 0.763949 0.827694 0.936854 0.991628 0.888155 0.762933 0.900176 0.843975 1
0 0 0 0 0 0 0 0 0.778924 0.831219 0.874534 0.821539 0.944699 0.898538 0.794756 0.837067 1
0 0 0 0 0 0 0 0 0.959365 0.762909 0.987735 0.798941 0.906713 0.801515 0.867902 0.847349 1
0 0 0 0 0 0 0 0 0.910940 0.969098 0.788733 0.759224 0.871163 0.893199 0.818944 0.985390 1
0 0 0 0 0 0 0 0 0.777154 0.906182 0.814349 0.947361 0.890959 0.757262 0.803659 0.962389 1
0 0 0 0 0 0 0 0 0.820245 0.921697 0.828955 0.934844 0.881892 0.757756 0.766863 0.840144 1
0 0 0 0 0 0 0 0 0.981072 0.908611 0.997401 0.785154 0.818983 0.951693 0.882640 0.938083 1
0 0 0 0 0 0 0 0 0.774496 0.872029 0.771386 0.896004 0.750931 0.798889 0.956495 0.872824 1
0.885672 0.857595 0.862979 0.912730 0.810744 0.940753 0.771801 0.898854 0 0 0 0 0 0 0 0 2
0.957574 0.935784 0.958008 0.782161 0.832691 0.899544 0.754439 0.996025 0 0 0 0 0 0 0 0 2
0.970487 0.802082 0.872205 0.943109 0.849291 0.902227 0.778123 0.950088 0 0 0 0 0 0 0 0 2
0.969880 0.999791 0.810301 0.805386 0.932237 0.804446 0.750302 0.753942 0 0 0 0 0 0 0 0 2
0.885005 0.786308 0.903793 0.951334 0.874453 0.881739 0.750144 0.833305 0 0 0 0 0 0 0 0 2
0.775346 0.810390 0.980503 0.948577 0.859737 0.956153 0.773897 0.998243 0 0 0 0 0 0 0 0 2
0.843317 0.991808 0.947957 0.870696 0.855208 0.903906 0.802551 0.800638 0 0 0 0 0 0 0 0 2
0.973875 0.817185 0.805292 0.849611 0.922676 0.848381 0.782457 0.854368 0 0 0 0 0 0 0 0 2
0.972110 0.876899 0.813804 0.773800 0.918497 0.920432 0.999160 0.943263 0 0 0 0 0 0 0 0 2
0.750329 0.806400 0.865925 0.992526 0.889972 0.791515 0.764289 0.924572 0 0 0 0 0 0 0 0 2
0.813416 0.760315 0.783553 0.888541 0.956612 0.881872 0.983170 0.760733 0 0 0 0 0 0 0 0 2
0.808373 0.861256 0.899801 0.776564 0.793962 0.908357 0.903590 0.878946 0 0 0 0 0 0 0 0 2
0.833270 0.810831 0.960022 0.814477 0.930980 0.775559 0.972454 0.995575 0 0 0 0 0 0 0 0 2
0.995718 0.975840 0.765868 0.764028 0.866923 0.910452 0.771445 0.946075 0 0 0 0 0 0 0 0 2
0.765429 0.827882 0.763539 0.982425 0.848829 0.981658 0.792725 0.876801 0 0 0 0 0 0 0 0 2
0.920544 0.891287 0.839403 0.826790 0.966254 0.907246 0.831256 0.756775 0 0 0 0 0 0 0 0 2
0.804724 0.951320 0.904167 0.929036 0.778051 0.790180 0.911724 0.987743 0 0 0 0 0 0 0 0 2
0.831367 0.829457 0.884284 0.921234 0.888868 0.913644 0.869943 0.802797 0 0 0 0 0 0 0 0 2
0.844722 0.848263 0.979731 0.940030 0.845188 0.960716 0.878674 0.855720 0 0 0 0 0 0 0 0 2
0.877430 0.801081 0.838153 0.942913 0.842233 0.838323 0.787072 0.917024 0 0 0 0 0 0 0 0 2
0.941950 0.768155 0.880919 0.869641 0.757026 0.772810 0.936060 0.756940 0 0 0 0 0 0 0 0 2
0.863757 0.809268 0.958400 0.922852 0.837902 0.796771 0.825668 0.755960 0 0 0 0 0 0 0 0 2
0.958307 0.878574 0.990446 0.889319 0.969371 0.845292 0.833497 0.784909 0 0 0 0 0 0 0 0 2
0.845564 0.756138 0.929699 0.930432 0.890357 0.806838 0.784228 0.830968 0 0 0 0 0 0 0 0 2
0.790081 0.986602 0.886639 0.838185 0.832327 0.834196 0.824199 0.888669 0 0 0 0 0 0 0 0 2
0.751607 0.986852 0.893002 0.978237 0.759811 0.859939 0.816237 0.906413 0 0 0 0 0 0 0 0 2
0.771421 0.839283 0.948828 0.898611 0.935586 0.849580 0.764757 0.778070 0 0 0 0 0 0 0 0 2
0.938147 0.761359 0.966695 0.839842 0.834895 0.970028 0.917476 0.861807 0 0 0 0 0 0 0 0 2
0.889563 0.836456 0.833953 0.843295 0.888300 0.938356 0.894754 0.972924 0 0 0 0 0 0 0 0 2
0.927296 0.774052 0.841132 0.900859 0.993146 0.911604 0.836989 0.945962 0 0 0 0 0 0 0 0 2
0.899577 0.909837 0.998392 0.943829 0.752068 0.963058 0.775146 0.810404 0 0 0 0 0 0 0 0 2
0.885290 0.796621 0.914425 0.809026 0.997302 0.860848 0.976921 0.852940 0 0 0 0 0 0 0 0 2
0.792512 0.962956 0.975384 0.923449 0.970515 0.754817 0.789759 0.967281 0 0 0 0 0 0 0 0 2
0.929467 0.916841 0.876423 0.878735 0.842209 0.787958 0.823605 0.953247 0 0 0 0 0 0 0 0 2
0.769561 0.810307 0.783580 0.996338 0.866221 0.982327 0.932727 0.908070 0 0 0 0 0 0 0 0 2
0.938369 0.789883 0.764519 0.906789 0.932021 0.916079 0.769330 0.933629 0 0 0 0 0 0 0 0 2
0.953083 0.885308 0.765432 0.967719 0.817203 0.927986 0.922714 0.831597 0 0 0 0 0 0 0 0 2
0.864538 0.871408 0.751791 0.771761 0.785964 0.849227 0.849166 0.931622 0 0 0 0 0 0 0 0 2
0.929836 0.933080 0.973984 0.756221 0.863204 0.999323 0.837539 0.990141 0 0 0 0 0 0 0 0 2
0.965173 0.831381 0.924240 0.862260 0.897130 0.937614 0.921985 0.932883 0 0 0 0 0 0 0 0 2
0.788845 0.800495 0.938481 0.847756 0.941945 0.798545 0.750974 0.916551 0 0 0 0 0 0 0 0 2
0.867478 0.754613 0.866704 0.773705 0.752875 0.861540 0.879771 0.839621 0 0 0 0 0 0 0 0 2
0.951626 0.861354 0.829526 0.750657 0.776650 0.867886 0.937816 0.904309 0 0 0 0 0 0 0 0 2
0.859080 0.992027 0.914380 0.809872 0.764294 0.952214 0.793619 0.810380 0 0 0 0 0 0 0 0 2
0.928144 0.922926 0.800348 0.759119 0.898095 0.904968 0.916355 0.999359 0 0 0 0 0 0 0 0 2
0.761925 0.832550 0.812304 0.844059 0.781957 0.810494 0.904874 0.961715 0 0 0 0 0 0 0 0 2
0.774027 0.831862 0.981962 0.844600 0.778237 0.781351 0.963470 0.956423 0 0 0 0 0 0 0 0 2
0.869594 0.852188 0.864688 0.954969 0.877829 0.826151 0.792130 0.822342 0 0 0 0 0 0 0 0 2
0.997885 0.750215 0.882722 0.851458 0.952965 0.858358 0.760060 0.893728 0 0 0 0 0 0 0 0 2
0.999459 0.836001 0.904003 0.811778 0.761477 0.754447 0.758175 0.866706 0 0 0 0 0 0 0 0 2

